20231126-165931, ddpg_0, 0, 5, 128, 1000000, 364, 2, 512, 0.99, 0.003, 0.003, 0.01, A, False, False, 3, 4
20231126-165944, ddpg_1, 0, 5, 128, 1000000, 364, 2, 512, 0.99, 0.003, 0.003, 0.01, A, False, False, 3, 4
20231126-170026, ddpg_2, 0, 5, 128, 1000000, 364, 2, 512, 0.99, 0.003, 0.003, 0.01, A, False, False, 3, 4
20231126-171125, ddpg_3, 0, 5, 128, 1000000, 364, 2, 512, 0.99, 0.003, 0.003, 0.01, A, False, False, 3, 4
20231126-171149, ddpg_4, 0, 5, 128, 1000000, 364, 2, 512, 0.99, 0.003, 0.003, 0.01, A, False, False, 3, 4
20231126-171239, ddpg_5, 0, 5, 128, 1000000, 364, 2, 512, 0.99, 0.003, 0.003, 0.01, A, False, False, 3, 4
20231126-171251, ddpg_6, 0, 5, 128, 1000000, 364, 2, 512, 0.99, 0.003, 0.003, 0.01, A, False, False, 3, 4
20231126-171430, ddpg_7, 0, 5, 128, 1000000, 364, 2, 512, 0.99, 0.003, 0.003, 0.01, A, False, False, 3, 4
20231126-172018, ddpg_8, 0, 5, 128, 1000000, 364, 2, 512, 0.99, 0.003, 0.003, 0.01, A, False, False, 3, 4
20231126-172032, ddpg_9, 0, 5, 128, 1000000, 364, 2, 512, 0.99, 0.003, 0.003, 0.01, A, False, False, 3, 4
20231126-172056, ddpg_10, 0, 5, 128, 1000000, 364, 2, 512, 0.99, 0.003, 0.003, 0.01, A, False, False, 3, 4
20231126-172138, ddpg_11, 0, 5, 128, 1000000, 364, 2, 512, 0.99, 0.003, 0.003, 0.01, A, False, False, 3, 4
20231126-172201, ddpg_12, 0, 5, 128, 1000000, 364, 2, 512, 0.99, 0.003, 0.003, 0.01, A, False, False, 3, 4
20231126-172209, ddpg_13, 0, 5, 128, 1000000, 364, 2, 512, 0.99, 0.003, 0.003, 0.01, A, False, False, 3, 4
20231126-172221, ddpg_14, 0, 5, 128, 1000000, 364, 2, 512, 0.99, 0.003, 0.003, 0.01, A, False, False, 3, 4
20231126-172250, ddpg_15, 0, 5, 128, 1000000, 364, 2, 512, 0.99, 0.003, 0.003, 0.01, A, False, False, 3, 4
20231126-172300, ddpg_16, 0, 5, 128, 1000000, 364, 2, 512, 0.99, 0.003, 0.003, 0.01, A, False, False, 3, 4
20231126-172819, ddpg_17, 0, 5, 128, 1000000, 364, 2, 512, 0.99, 0.003, 0.003, 0.01, A, False, False, 3, 4
20231126-172832, ddpg_18, 0, 5, 128, 1000000, 364, 2, 512, 0.99, 0.003, 0.003, 0.01, A, False, False, 3, 4
