169.0 171.0
169.0 175.0
169.0 179.0
169.0 183.0
169.0 187.0
169.0 191.0
173.0 195.0
173.0 199.0
173.0 203.0
173.0 207.0
173.0 211.0
173.0 215.0
173.0 219.0
173.0 223.0
173.0 227.0
173.0 231.0
173.0 235.0
173.0 239.0
173.0 243.0
173.0 247.0
173.0 251.0
169.0 255.0
165.0 255.0
161.0 255.0
157.0 255.0
153.0 255.0
149.0 255.0
145.0 255.0
141.0 255.0
137.0 255.0
133.0 255.0
129.0 255.0
125.0 255.0
121.0 255.0
117.0 255.0
113.0 255.0
109.0 255.0
105.0 255.0
101.0 255.0
97.0 255.0
93.0 251.0
93.0 247.0
93.0 243.0
97.0 239.0
101.0 235.0
105.0 235.0
109.0 235.0
113.0 235.0
117.0 235.0
121.0 235.0
125.0 235.0
129.0 235.0
133.0 235.0
137.0 231.0
141.0 227.0
145.0 223.0
149.0 219.0
153.0 215.0
157.0 215.0
161.0 211.0
